Grading at Mon 14 Jun 2021 05:55:17 PM UTC
Attempting to compile retirement.c
Checking for struct _retire_info
Found on line 4, column 1 
Checking for field int months
Found on line 5, column 3 
Checking for field double contribution
Found on line 6, column 3 
Checking for field double rate_of_return
Found on line 7, column 3 
Checking for typedef of struct _retire_info to retire_info
Found on line 10, column 1 
Checking for void retirement (int startAge, double initial,  retire_info working,  retire_info retired)
Found on line 20, column 1 
Checking for int main(void)
Found on line 30, column 1 
Trying to run retirement calculator..
Your file matched the expected output
Removing your main() and replacing it with our own to run more tests...
                |         Working              |        Retired         
 Age | Initial  | Saving  |   Rate    | Months | Spending |   Rate    | Months | Result
 240 |     0.00 | 1234.00 | 0.0026700 |   597  | -3567.00 | 0.0005100 |   232  | Correct
 240 |     0.00 | 1234.00 | 0.0026700 |   597  | -3567.00 | 0.0005100 |   393  | Correct
 240 |     0.00 | 1234.00 | 0.0026700 |   597  | -3567.00 | 0.0043200 |   217  | Correct
 240 |     0.00 | 1234.00 | 0.0026700 |   597  | -3567.00 | 0.0043200 |   395  | Correct
 240 |     0.00 | 1234.00 | 0.0026700 |   597  | -6534.00 | 0.0006000 |   216  | Correct
 240 |     0.00 | 1234.00 | 0.0026700 |   597  | -6534.00 | 0.0006000 |   390  | Correct
 240 |     0.00 | 1234.00 | 0.0026700 |   597  | -6534.00 | 0.0046400 |   227  | Correct
 240 |     0.00 | 1234.00 | 0.0026700 |   597  | -6534.00 | 0.0046400 |   408  | Correct
 240 |     0.00 | 1234.00 | 0.0026700 |   588  | -3567.00 | 0.0002200 |   216  | Correct
 240 |     0.00 | 1234.00 | 0.0026700 |   588  | -3567.00 | 0.0002200 |   372  | Correct
 240 |     0.00 | 1234.00 | 0.0026700 |   588  | -3567.00 | 0.0045500 |   230  | Correct
 240 |     0.00 | 1234.00 | 0.0026700 |   588  | -3567.00 | 0.0045500 |   397  | Correct
 240 |     0.00 | 1234.00 | 0.0026700 |   588  | -6534.00 | 0.0001700 |   222  | Correct
 240 |     0.00 | 1234.00 | 0.0026700 |   588  | -6534.00 | 0.0001700 |   409  | Correct
 240 |     0.00 | 1234.00 | 0.0026700 |   588  | -6534.00 | 0.0046700 |   207  | Correct
 240 |     0.00 | 1234.00 | 0.0026700 |   588  | -6534.00 | 0.0046700 |   379  | Correct
 240 |     0.00 | 1234.00 | 0.0056700 |   597  | -3567.00 | 0.0005300 |   226  | Correct
 240 |     0.00 | 1234.00 | 0.0056700 |   597  | -3567.00 | 0.0005300 |   372  | Correct
 240 |     0.00 | 1234.00 | 0.0056700 |   597  | -3567.00 | 0.0048600 |   230  | Correct
 240 |     0.00 | 1234.00 | 0.0056700 |   597  | -3567.00 | 0.0048600 |   396  | Correct
 240 |     0.00 | 1234.00 | 0.0056700 |   597  | -6534.00 | 0.0003100 |   214  | Correct
 240 |     0.00 | 1234.00 | 0.0056700 |   597  | -6534.00 | 0.0003100 |   399  | Correct
 240 |     0.00 | 1234.00 | 0.0056700 |   597  | -6534.00 | 0.0045100 |   207  | Correct
 240 |     0.00 | 1234.00 | 0.0056700 |   597  | -6534.00 | 0.0045100 |   399  | Correct
 240 |     0.00 | 1234.00 | 0.0056700 |   586  | -3567.00 | 0.0003200 |   213  | Correct
 240 |     0.00 | 1234.00 | 0.0056700 |   586  | -3567.00 | 0.0003200 |   378  | Correct
 240 |     0.00 | 1234.00 | 0.0056700 |   586  | -3567.00 | 0.0044600 |   229  | Correct
 240 |     0.00 | 1234.00 | 0.0056700 |   586  | -3567.00 | 0.0044600 |   371  | Correct
 240 |     0.00 | 1234.00 | 0.0056700 |   586  | -6534.00 | 0.0002900 |   214  | Correct
 240 |     0.00 | 1234.00 | 0.0056700 |   586  | -6534.00 | 0.0002900 |   376  | Correct
 240 |     0.00 | 1234.00 | 0.0056700 |   586  | -6534.00 | 0.0043300 |   208  | Correct
 240 |     0.00 | 1234.00 | 0.0056700 |   586  | -6534.00 | 0.0043300 |   403  | Correct
 240 |     0.00 | 2866.00 | 0.0026700 |   597  | -3567.00 | 0.0005500 |   212  | Correct
 240 |     0.00 | 2866.00 | 0.0026700 |   597  | -3567.00 | 0.0005500 |   399  | Correct
 240 |     0.00 | 2866.00 | 0.0026700 |   597  | -3567.00 | 0.0047200 |   215  | Correct
 240 |     0.00 | 2866.00 | 0.0026700 |   597  | -3567.00 | 0.0047200 |   386  | Correct
 240 |     0.00 | 2866.00 | 0.0026700 |   597  | -6534.00 | 0.0006200 |   218  | Correct
 240 |     0.00 | 2866.00 | 0.0026700 |   597  | -6534.00 | 0.0006200 |   407  | Correct
 240 |     0.00 | 2866.00 | 0.0026700 |   597  | -6534.00 | 0.0049700 |   215  | Correct
 240 |     0.00 | 2866.00 | 0.0026700 |   597  | -6534.00 | 0.0049700 |   401  | Correct
 240 |     0.00 | 2866.00 | 0.0026700 |   593  | -3567.00 | 0.0000400 |   219  | Correct
 240 |     0.00 | 2866.00 | 0.0026700 |   593  | -3567.00 | 0.0000400 |   408  | Correct
 240 |     0.00 | 2866.00 | 0.0026700 |   593  | -3567.00 | 0.0045300 |   232  | Correct
 240 |     0.00 | 2866.00 | 0.0026700 |   593  | -3567.00 | 0.0045300 |   401  | Correct
 240 |     0.00 | 2866.00 | 0.0026700 |   593  | -6534.00 | 0.0004300 |   206  | Correct
 240 |     0.00 | 2866.00 | 0.0026700 |   593  | -6534.00 | 0.0004300 |   407  | Correct
 240 |     0.00 | 2866.00 | 0.0026700 |   593  | -6534.00 | 0.0047500 |   207  | Correct
 240 |     0.00 | 2866.00 | 0.0026700 |   593  | -6534.00 | 0.0047500 |   399  | Correct
 240 |     0.00 | 2866.00 | 0.0056700 |   597  | -3567.00 | 0.0005100 |   217  | Correct
 240 |     0.00 | 2866.00 | 0.0056700 |   597  | -3567.00 | 0.0005100 |   382  | Correct
 240 |     0.00 | 2866.00 | 0.0056700 |   597  | -3567.00 | 0.0046800 |   204  | Correct
 240 |     0.00 | 2866.00 | 0.0056700 |   597  | -3567.00 | 0.0046800 |   400  | Correct
 240 |     0.00 | 2866.00 | 0.0056700 |   597  | -6534.00 | 0.0001800 |   220  | Correct
 240 |     0.00 | 2866.00 | 0.0056700 |   597  | -6534.00 | 0.0001800 |   375  | Correct
 240 |     0.00 | 2866.00 | 0.0056700 |   597  | -6534.00 | 0.0045600 |   204  | Correct
 240 |     0.00 | 2866.00 | 0.0056700 |   597  | -6534.00 | 0.0045600 |   377  | Correct
 240 |     0.00 | 2866.00 | 0.0056700 |   605  | -3567.00 | 0.0007000 |   206  | Correct
 240 |     0.00 | 2866.00 | 0.0056700 |   605  | -3567.00 | 0.0007000 |   401  | Correct
 240 |     0.00 | 2866.00 | 0.0056700 |   605  | -3567.00 | 0.0044000 |   231  | Correct
 240 |     0.00 | 2866.00 | 0.0056700 |   605  | -3567.00 | 0.0044000 |   406  | Correct
 240 |     0.00 | 2866.00 | 0.0056700 |   605  | -6534.00 | 0.0005200 |   228  | Correct
 240 |     0.00 | 2866.00 | 0.0056700 |   605  | -6534.00 | 0.0005200 |   402  | Correct
 240 |     0.00 | 2866.00 | 0.0056700 |   605  | -6534.00 | 0.0047200 |   217  | Correct
 240 |     0.00 | 2866.00 | 0.0056700 |   605  | -6534.00 | 0.0047200 |   403  | Correct
 240 |  6960.96 | 1234.00 | 0.0026700 |   597  | -3567.00 | 0.0000300 |   222  | Correct
 240 |  6960.96 | 1234.00 | 0.0026700 |   597  | -3567.00 | 0.0000300 |   384  | Correct
 240 |  6960.96 | 1234.00 | 0.0026700 |   597  | -3567.00 | 0.0044800 |   225  | Correct
 240 |  6960.96 | 1234.00 | 0.0026700 |   597  | -3567.00 | 0.0044800 |   400  | Correct
 240 |  6960.96 | 1234.00 | 0.0026700 |   597  | -6534.00 | 0.0005200 |   208  | Correct
 240 |  6960.96 | 1234.00 | 0.0026700 |   597  | -6534.00 | 0.0005200 |   396  | Correct
 240 |  6960.96 | 1234.00 | 0.0026700 |   597  | -6534.00 | 0.0049800 |   210  | Correct
 240 |  6960.96 | 1234.00 | 0.0026700 |   597  | -6534.00 | 0.0049800 |   374  | Correct
 240 |  6960.96 | 1234.00 | 0.0026700 |   588  | -3567.00 | 0.0002400 |   204  | Correct
 240 |  6960.96 | 1234.00 | 0.0026700 |   588  | -3567.00 | 0.0002400 |   385  | Correct
 240 |  6960.96 | 1234.00 | 0.0026700 |   588  | -3567.00 | 0.0048900 |   225  | Correct
 240 |  6960.96 | 1234.00 | 0.0026700 |   588  | -3567.00 | 0.0048900 |   394  | Correct
 240 |  6960.96 | 1234.00 | 0.0026700 |   588  | -6534.00 | 0.0001000 |   231  | Correct
 240 |  6960.96 | 1234.00 | 0.0026700 |   588  | -6534.00 | 0.0001000 |   402  | Correct
 240 |  6960.96 | 1234.00 | 0.0026700 |   588  | -6534.00 | 0.0043800 |   206  | Correct
 240 |  6960.96 | 1234.00 | 0.0026700 |   588  | -6534.00 | 0.0043800 |   371  | Correct
 240 |  6960.96 | 1234.00 | 0.0056700 |   597  | -3567.00 | 0.0006200 |   204  | Correct
 240 |  6960.96 | 1234.00 | 0.0056700 |   597  | -3567.00 | 0.0006200 |   370  | Correct
 240 |  6960.96 | 1234.00 | 0.0056700 |   597  | -3567.00 | 0.0046400 |   225  | Correct
 240 |  6960.96 | 1234.00 | 0.0056700 |   597  | -3567.00 | 0.0046400 |   382  | Correct
 240 |  6960.96 | 1234.00 | 0.0056700 |   597  | -6534.00 | 0.0002500 |   230  | Correct
 240 |  6960.96 | 1234.00 | 0.0056700 |   597  | -6534.00 | 0.0002500 |   394  | Correct
 240 |  6960.96 | 1234.00 | 0.0056700 |   597  | -6534.00 | 0.0046100 |   226  | Correct
 240 |  6960.96 | 1234.00 | 0.0056700 |   597  | -6534.00 | 0.0046100 |   370  | Correct
 240 |  6960.96 | 1234.00 | 0.0056700 |   590  | -3567.00 | 0.0003400 |   206  | Correct
 240 |  6960.96 | 1234.00 | 0.0056700 |   590  | -3567.00 | 0.0003400 |   392  | Correct
 240 |  6960.96 | 1234.00 | 0.0056700 |   590  | -3567.00 | 0.0041600 |   221  | Correct
 240 |  6960.96 | 1234.00 | 0.0056700 |   590  | -3567.00 | 0.0041600 |   387  | Correct
 240 |  6960.96 | 1234.00 | 0.0056700 |   590  | -6534.00 | 0.0003800 |   224  | Correct
 240 |  6960.96 | 1234.00 | 0.0056700 |   590  | -6534.00 | 0.0003800 |   409  | Correct
 240 |  6960.96 | 1234.00 | 0.0056700 |   590  | -6534.00 | 0.0046200 |   229  | Correct
 240 |  6960.96 | 1234.00 | 0.0056700 |   590  | -6534.00 | 0.0046200 |   402  | Correct
 240 |  6960.96 | 3773.00 | 0.0026700 |   597  | -3567.00 | 0.0000500 |   211  | Correct
 240 |  6960.96 | 3773.00 | 0.0026700 |   597  | -3567.00 | 0.0000500 |   381  | Correct
 240 |  6960.96 | 3773.00 | 0.0026700 |   597  | -3567.00 | 0.0046900 |   206  | Correct
 240 |  6960.96 | 3773.00 | 0.0026700 |   597  | -3567.00 | 0.0046900 |   373  | Correct
 240 |  6960.96 | 3773.00 | 0.0026700 |   597  | -6534.00 | 0.0004700 |   204  | Correct
 240 |  6960.96 | 3773.00 | 0.0026700 |   597  | -6534.00 | 0.0004700 |   388  | Correct
 240 |  6960.96 | 3773.00 | 0.0026700 |   597  | -6534.00 | 0.0044500 |   219  | Correct
 240 |  6960.96 | 3773.00 | 0.0026700 |   597  | -6534.00 | 0.0044500 |   404  | Correct
 240 |  6960.96 | 3773.00 | 0.0026700 |   590  | -3567.00 | 0.0004300 |   221  | Correct
 240 |  6960.96 | 3773.00 | 0.0026700 |   590  | -3567.00 | 0.0004300 |   386  | Correct
 240 |  6960.96 | 3773.00 | 0.0026700 |   590  | -3567.00 | 0.0040300 |   215  | Correct
 240 |  6960.96 | 3773.00 | 0.0026700 |   590  | -3567.00 | 0.0040300 |   371  | Correct
 240 |  6960.96 | 3773.00 | 0.0026700 |   590  | -6534.00 | 0.0009400 |   223  | Correct
 240 |  6960.96 | 3773.00 | 0.0026700 |   590  | -6534.00 | 0.0009400 |   380  | Correct
 240 |  6960.96 | 3773.00 | 0.0026700 |   590  | -6534.00 | 0.0042900 |   206  | Correct
 240 |  6960.96 | 3773.00 | 0.0026700 |   590  | -6534.00 | 0.0042900 |   394  | Correct
 240 |  6960.96 | 3773.00 | 0.0056700 |   597  | -3567.00 | 0.0004500 |   228  | Correct
 240 |  6960.96 | 3773.00 | 0.0056700 |   597  | -3567.00 | 0.0004500 |   395  | Correct
 240 |  6960.96 | 3773.00 | 0.0056700 |   597  | -3567.00 | 0.0044500 |   225  | Correct
 240 |  6960.96 | 3773.00 | 0.0056700 |   597  | -3567.00 | 0.0044500 |   372  | Correct
 240 |  6960.96 | 3773.00 | 0.0056700 |   597  | -6534.00 | 0.0004600 |   227  | Correct
 240 |  6960.96 | 3773.00 | 0.0056700 |   597  | -6534.00 | 0.0004600 |   377  | Correct
 240 |  6960.96 | 3773.00 | 0.0056700 |   597  | -6534.00 | 0.0048700 |   223  | Correct
 240 |  6960.96 | 3773.00 | 0.0056700 |   597  | -6534.00 | 0.0048700 |   408  | Correct
 240 |  6960.96 | 3773.00 | 0.0056700 |   606  | -3567.00 | 0.0004600 |   205  | Correct
 240 |  6960.96 | 3773.00 | 0.0056700 |   606  | -3567.00 | 0.0004600 |   408  | Correct
 240 |  6960.96 | 3773.00 | 0.0056700 |   606  | -3567.00 | 0.0049200 |   224  | Correct
 240 |  6960.96 | 3773.00 | 0.0056700 |   606  | -3567.00 | 0.0049200 |   372  | Correct
 240 |  6960.96 | 3773.00 | 0.0056700 |   606  | -6534.00 | 0.0008200 |   221  | Correct
 240 |  6960.96 | 3773.00 | 0.0056700 |   606  | -6534.00 | 0.0008200 |   380  | Correct
 240 |  6960.96 | 3773.00 | 0.0056700 |   606  | -6534.00 | 0.0046100 |   216  | Correct
 240 |  6960.96 | 3773.00 | 0.0056700 |   606  | -6534.00 | 0.0046100 |   401  | Correct
 345 |     0.00 | 1234.00 | 0.0026700 |   597  | -3567.00 | 0.0008600 |   219  | Correct
 345 |     0.00 | 1234.00 | 0.0026700 |   597  | -3567.00 | 0.0008600 |   393  | Correct
 345 |     0.00 | 1234.00 | 0.0026700 |   597  | -3567.00 | 0.0048700 |   232  | Correct
 345 |     0.00 | 1234.00 | 0.0026700 |   597  | -3567.00 | 0.0048700 |   373  | Correct
 345 |     0.00 | 1234.00 | 0.0026700 |   597  | -6534.00 | 0.0005100 |   222  | Correct
 345 |     0.00 | 1234.00 | 0.0026700 |   597  | -6534.00 | 0.0005100 |   408  | Correct
 345 |     0.00 | 1234.00 | 0.0026700 |   597  | -6534.00 | 0.0047800 |   214  | Correct
 345 |     0.00 | 1234.00 | 0.0026700 |   597  | -6534.00 | 0.0047800 |   372  | Correct
 345 |     0.00 | 1234.00 | 0.0026700 |   586  | -3567.00 | 0.0002800 |   207  | Correct
 345 |     0.00 | 1234.00 | 0.0026700 |   586  | -3567.00 | 0.0002800 |   401  | Correct
 345 |     0.00 | 1234.00 | 0.0026700 |   586  | -3567.00 | 0.0044500 |   205  | Correct
 345 |     0.00 | 1234.00 | 0.0026700 |   586  | -3567.00 | 0.0044500 |   394  | Correct
 345 |     0.00 | 1234.00 | 0.0026700 |   586  | -6534.00 | 0.0004600 |   218  | Correct
 345 |     0.00 | 1234.00 | 0.0026700 |   586  | -6534.00 | 0.0004600 |   401  | Correct
 345 |     0.00 | 1234.00 | 0.0026700 |   586  | -6534.00 | 0.0046700 |   229  | Correct
 345 |     0.00 | 1234.00 | 0.0026700 |   586  | -6534.00 | 0.0046700 |   386  | Correct
 345 |     0.00 | 1234.00 | 0.0056700 |   597  | -3567.00 | 0.0008000 |   214  | Correct
 345 |     0.00 | 1234.00 | 0.0056700 |   597  | -3567.00 | 0.0008000 |   373  | Correct
 345 |     0.00 | 1234.00 | 0.0056700 |   597  | -3567.00 | 0.0041700 |   213  | Correct
 345 |     0.00 | 1234.00 | 0.0056700 |   597  | -3567.00 | 0.0041700 |   394  | Correct
 345 |     0.00 | 1234.00 | 0.0056700 |   597  | -6534.00 | 0.0000500 |   204  | Correct
 345 |     0.00 | 1234.00 | 0.0056700 |   597  | -6534.00 | 0.0000500 |   372  | Correct
 345 |     0.00 | 1234.00 | 0.0056700 |   597  | -6534.00 | 0.0040500 |   224  | Correct
 345 |     0.00 | 1234.00 | 0.0056700 |   597  | -6534.00 | 0.0040500 |   378  | Correct
 345 |     0.00 | 1234.00 | 0.0056700 |   614  | -3567.00 | 0.0004400 |   217  | Correct
 345 |     0.00 | 1234.00 | 0.0056700 |   614  | -3567.00 | 0.0004400 |   395  | Correct
 345 |     0.00 | 1234.00 | 0.0056700 |   614  | -3567.00 | 0.0045400 |   214  | Correct
 345 |     0.00 | 1234.00 | 0.0056700 |   614  | -3567.00 | 0.0045400 |   407  | Correct
 345 |     0.00 | 1234.00 | 0.0056700 |   614  | -6534.00 | 0.0001800 |   223  | Correct
 345 |     0.00 | 1234.00 | 0.0056700 |   614  | -6534.00 | 0.0001800 |   387  | Correct
 345 |     0.00 | 1234.00 | 0.0056700 |   614  | -6534.00 | 0.0049700 |   223  | Correct
 345 |     0.00 | 1234.00 | 0.0056700 |   614  | -6534.00 | 0.0049700 |   375  | Correct
 345 |     0.00 | 3346.00 | 0.0026700 |   597  | -3567.00 | 0.0005600 |   216  | Correct
 345 |     0.00 | 3346.00 | 0.0026700 |   597  | -3567.00 | 0.0005600 |   394  | Correct
 345 |     0.00 | 3346.00 | 0.0026700 |   597  | -3567.00 | 0.0045000 |   206  | Correct
 345 |     0.00 | 3346.00 | 0.0026700 |   597  | -3567.00 | 0.0045000 |   398  | Correct
 345 |     0.00 | 3346.00 | 0.0026700 |   597  | -6534.00 | 0.0001300 |   230  | Correct
 345 |     0.00 | 3346.00 | 0.0026700 |   597  | -6534.00 | 0.0001300 |   370  | Correct
 345 |     0.00 | 3346.00 | 0.0026700 |   597  | -6534.00 | 0.0043000 |   227  | Correct
 345 |     0.00 | 3346.00 | 0.0026700 |   597  | -6534.00 | 0.0043000 |   391  | Correct
 345 |     0.00 | 3346.00 | 0.0026700 |   587  | -3567.00 | 0.0003600 |   224  | Correct
 345 |     0.00 | 3346.00 | 0.0026700 |   587  | -3567.00 | 0.0003600 |   382  | Correct
 345 |     0.00 | 3346.00 | 0.0026700 |   587  | -3567.00 | 0.0045500 |   208  | Correct
 345 |     0.00 | 3346.00 | 0.0026700 |   587  | -3567.00 | 0.0045500 |   393  | Correct
 345 |     0.00 | 3346.00 | 0.0026700 |   587  | -6534.00 | 0.0005600 |   207  | Correct
 345 |     0.00 | 3346.00 | 0.0026700 |   587  | -6534.00 | 0.0005600 |   396  | Correct
 345 |     0.00 | 3346.00 | 0.0026700 |   587  | -6534.00 | 0.0048100 |   225  | Correct
 345 |     0.00 | 3346.00 | 0.0026700 |   587  | -6534.00 | 0.0048100 |   403  | Correct
 345 |     0.00 | 3346.00 | 0.0056700 |   597  | -3567.00 | 0.0002300 |   227  | Correct
 345 |     0.00 | 3346.00 | 0.0056700 |   597  | -3567.00 | 0.0002300 |   370  | Correct
 345 |     0.00 | 3346.00 | 0.0056700 |   597  | -3567.00 | 0.0044000 |   222  | Correct
 345 |     0.00 | 3346.00 | 0.0056700 |   597  | -3567.00 | 0.0044000 |   409  | Correct
 345 |     0.00 | 3346.00 | 0.0056700 |   597  | -6534.00 | 0.0006600 |   207  | Correct
 345 |     0.00 | 3346.00 | 0.0056700 |   597  | -6534.00 | 0.0006600 |   372  | Correct
 345 |     0.00 | 3346.00 | 0.0056700 |   597  | -6534.00 | 0.0049000 |   222  | Correct
 345 |     0.00 | 3346.00 | 0.0056700 |   597  | -6534.00 | 0.0049000 |   376  | Correct
 345 |     0.00 | 3346.00 | 0.0056700 |   594  | -3567.00 | 0.0003200 |   207  | Correct
 345 |     0.00 | 3346.00 | 0.0056700 |   594  | -3567.00 | 0.0003200 |   370  | Correct
 345 |     0.00 | 3346.00 | 0.0056700 |   594  | -3567.00 | 0.0040400 |   208  | Correct
 345 |     0.00 | 3346.00 | 0.0056700 |   594  | -3567.00 | 0.0040400 |   402  | Correct
 345 |     0.00 | 3346.00 | 0.0056700 |   594  | -6534.00 | 0.0002100 |   218  | Correct
 345 |     0.00 | 3346.00 | 0.0056700 |   594  | -6534.00 | 0.0002100 |   385  | Correct
 345 |     0.00 | 3346.00 | 0.0056700 |   594  | -6534.00 | 0.0046800 |   212  | Correct
 345 |     0.00 | 3346.00 | 0.0056700 |   594  | -6534.00 | 0.0046800 |   382  | Correct
 345 |  9545.34 | 1234.00 | 0.0026700 |   597  | -3567.00 | 0.0007500 |   229  | Correct
 345 |  9545.34 | 1234.00 | 0.0026700 |   597  | -3567.00 | 0.0007500 |   375  | Correct
 345 |  9545.34 | 1234.00 | 0.0026700 |   597  | -3567.00 | 0.0048100 |   206  | Correct
 345 |  9545.34 | 1234.00 | 0.0026700 |   597  | -3567.00 | 0.0048100 |   389  | Correct
 345 |  9545.34 | 1234.00 | 0.0026700 |   597  | -6534.00 | 0.0002500 |   224  | Correct
 345 |  9545.34 | 1234.00 | 0.0026700 |   597  | -6534.00 | 0.0002500 |   372  | Correct
 345 |  9545.34 | 1234.00 | 0.0026700 |   597  | -6534.00 | 0.0048400 |   207  | Correct
 345 |  9545.34 | 1234.00 | 0.0026700 |   597  | -6534.00 | 0.0048400 |   397  | Correct
 345 |  9545.34 | 1234.00 | 0.0026700 |   603  | -3567.00 | 0.0004100 |   211  | Correct
 345 |  9545.34 | 1234.00 | 0.0026700 |   603  | -3567.00 | 0.0004100 |   396  | Correct
 345 |  9545.34 | 1234.00 | 0.0026700 |   603  | -3567.00 | 0.0049200 |   231  | Correct
 345 |  9545.34 | 1234.00 | 0.0026700 |   603  | -3567.00 | 0.0049200 |   388  | Correct
 345 |  9545.34 | 1234.00 | 0.0026700 |   603  | -6534.00 | 0.0007400 |   228  | Correct
 345 |  9545.34 | 1234.00 | 0.0026700 |   603  | -6534.00 | 0.0007400 |   390  | Correct
 345 |  9545.34 | 1234.00 | 0.0026700 |   603  | -6534.00 | 0.0041000 |   221  | Correct
 345 |  9545.34 | 1234.00 | 0.0026700 |   603  | -6534.00 | 0.0041000 |   376  | Correct
 345 |  9545.34 | 1234.00 | 0.0056700 |   597  | -3567.00 | 0.0003900 |   206  | Correct
 345 |  9545.34 | 1234.00 | 0.0056700 |   597  | -3567.00 | 0.0003900 |   403  | Correct
 345 |  9545.34 | 1234.00 | 0.0056700 |   597  | -3567.00 | 0.0046800 |   226  | Correct
 345 |  9545.34 | 1234.00 | 0.0056700 |   597  | -3567.00 | 0.0046800 |   383  | Correct
 345 |  9545.34 | 1234.00 | 0.0056700 |   597  | -6534.00 | 0.0004900 |   221  | Correct
 345 |  9545.34 | 1234.00 | 0.0056700 |   597  | -6534.00 | 0.0004900 |   406  | Correct
 345 |  9545.34 | 1234.00 | 0.0056700 |   597  | -6534.00 | 0.0042500 |   214  | Correct
 345 |  9545.34 | 1234.00 | 0.0056700 |   597  | -6534.00 | 0.0042500 |   397  | Correct
 345 |  9545.34 | 1234.00 | 0.0056700 |   598  | -3567.00 | 0.0009900 |   206  | Correct
 345 |  9545.34 | 1234.00 | 0.0056700 |   598  | -3567.00 | 0.0009900 |   372  | Correct
 345 |  9545.34 | 1234.00 | 0.0056700 |   598  | -3567.00 | 0.0042000 |   232  | Correct
 345 |  9545.34 | 1234.00 | 0.0056700 |   598  | -3567.00 | 0.0042000 |   394  | Correct
 345 |  9545.34 | 1234.00 | 0.0056700 |   598  | -6534.00 | 0.0005300 |   210  | Correct
 345 |  9545.34 | 1234.00 | 0.0056700 |   598  | -6534.00 | 0.0005300 |   377  | Correct
 345 |  9545.34 | 1234.00 | 0.0056700 |   598  | -6534.00 | 0.0049200 |   207  | Correct
 345 |  9545.34 | 1234.00 | 0.0056700 |   598  | -6534.00 | 0.0049200 |   401  | Correct
 345 |  9545.34 | 2797.00 | 0.0026700 |   597  | -3567.00 | 0.0002400 |   212  | Correct
 345 |  9545.34 | 2797.00 | 0.0026700 |   597  | -3567.00 | 0.0002400 |   380  | Correct
 345 |  9545.34 | 2797.00 | 0.0026700 |   597  | -3567.00 | 0.0044100 |   216  | Correct
 345 |  9545.34 | 2797.00 | 0.0026700 |   597  | -3567.00 | 0.0044100 |   379  | Correct
 345 |  9545.34 | 2797.00 | 0.0026700 |   597  | -6534.00 | 0.0009600 |   211  | Correct
 345 |  9545.34 | 2797.00 | 0.0026700 |   597  | -6534.00 | 0.0009600 |   391  | Correct
 345 |  9545.34 | 2797.00 | 0.0026700 |   597  | -6534.00 | 0.0044800 |   223  | Correct
 345 |  9545.34 | 2797.00 | 0.0026700 |   597  | -6534.00 | 0.0044800 |   377  | Correct
 345 |  9545.34 | 2797.00 | 0.0026700 |   607  | -3567.00 | 0.0003200 |   224  | Correct
 345 |  9545.34 | 2797.00 | 0.0026700 |   607  | -3567.00 | 0.0003200 |   387  | Correct
 345 |  9545.34 | 2797.00 | 0.0026700 |   607  | -3567.00 | 0.0043000 |   223  | Correct
 345 |  9545.34 | 2797.00 | 0.0026700 |   607  | -3567.00 | 0.0043000 |   392  | Correct
 345 |  9545.34 | 2797.00 | 0.0026700 |   607  | -6534.00 | 0.0006000 |   233  | Correct
 345 |  9545.34 | 2797.00 | 0.0026700 |   607  | -6534.00 | 0.0006000 |   385  | Correct
 345 |  9545.34 | 2797.00 | 0.0026700 |   607  | -6534.00 | 0.0045300 |   212  | Correct
 345 |  9545.34 | 2797.00 | 0.0026700 |   607  | -6534.00 | 0.0045300 |   399  | Correct
 345 |  9545.34 | 2797.00 | 0.0056700 |   597  | -3567.00 | 0.0000100 |   216  | Correct
 345 |  9545.34 | 2797.00 | 0.0056700 |   597  | -3567.00 | 0.0000100 |   405  | Correct
 345 |  9545.34 | 2797.00 | 0.0056700 |   597  | -3567.00 | 0.0045100 |   233  | Correct
 345 |  9545.34 | 2797.00 | 0.0056700 |   597  | -3567.00 | 0.0045100 |   406  | Correct
 345 |  9545.34 | 2797.00 | 0.0056700 |   597  | -6534.00 | 0.0004600 |   215  | Correct
 345 |  9545.34 | 2797.00 | 0.0056700 |   597  | -6534.00 | 0.0004600 |   409  | Correct
 345 |  9545.34 | 2797.00 | 0.0056700 |   597  | -6534.00 | 0.0045000 |   207  | Correct
 345 |  9545.34 | 2797.00 | 0.0056700 |   597  | -6534.00 | 0.0045000 |   400  | Correct
 345 |  9545.34 | 2797.00 | 0.0056700 |   613  | -3567.00 | 0.0003100 |   224  | Correct
 345 |  9545.34 | 2797.00 | 0.0056700 |   613  | -3567.00 | 0.0003100 |   394  | Correct
 345 |  9545.34 | 2797.00 | 0.0056700 |   613  | -3567.00 | 0.0042300 |   232  | Correct
 345 |  9545.34 | 2797.00 | 0.0056700 |   613  | -3567.00 | 0.0042300 |   396  | Correct
 345 |  9545.34 | 2797.00 | 0.0056700 |   613  | -6534.00 | 0.0000000 |   216  | Correct
 345 |  9545.34 | 2797.00 | 0.0056700 |   613  | -6534.00 | 0.0000000 |   378  | Correct
 345 |  9545.34 | 2797.00 | 0.0056700 |   613  | -6534.00 | 0.0049300 |   219  | Correct
 345 |  9545.34 | 2797.00 | 0.0056700 |   613  | -6534.00 | 0.0049300 |   390  | Correct

Overall Grade: A
